5183290801
6466426514
6312827602
5187662468
9177680960
5186485399
2129814509
9144470134
7182341548
5186029209
2124861633
3152660183
5169223138
6468979069
3475089792
7188249502
3474689157
8452166161
9177607854
8454407080
9143316365
7184253977
8456424710
2129402471
3158048628
9174874194
5187397326
9147014094
7184966524
6077577485
9174763998
3475842678
7185995465
7163576942
3153350319
7182924060
3158963815
6318561890
6074988594
7164102073
3474518088
3155190540
3155204027
9144886385
7188427700
6075332912
3479262394
6312758811
5169948248
7185417035